<?xml version="1.0"?>
<opencv_storage>
<extrinsic type_id="opencv-matrix">
  <rows>4</rows>
  <cols>4</cols>
  <dt>d</dt>
  <data>
    7.3157982707015001e-01 -6.8083684586173820e-01
    -3.5385674234768766e-02 -6.3684189322574710e+01
    6.8018023570464736e-01 7.2537863593915974e-01 1.0573874162204862e-01
    -9.3977016149416940e+01 -4.6322819223140826e-02
    -1.0142496655204648e-01 9.9376414333539742e-01
    6.5828713627259481e+02 0. 0. 0. 1.</data></extrinsic>
<intrinsic type_id="opencv-matrix">
  <rows>3</rows>
  <cols>3</cols>
  <dt>d</dt>
  <data>
    7.3524237807342706e+02 0. 3.5772139680305020e+02 0.
    7.3422234147443419e+02 1.8471249263193423e+02 0. 0. 1.</data></intrinsic>
<distortion type_id="opencv-matrix">
  <rows>1</rows>
  <cols>5</cols>
  <dt>d</dt>
  <data>
    -1.4712485530864933e-01 3.1053784313888739e+00
    -2.0503738160292696e-02 -3.5733276942556146e-03
    -1.2405132968982397e+01</data></distortion>
</opencv_storage>
